
140731
24429
132203
4134
45102
55967
4809
4837
139742
4808
4847
209650
63631
17621
4842
4538
9808
4812
56048
133865
10111
24400
142111
146762
58879
139799
146834
7497
134578
9929
56040
146788
137753
24413
23724
45090
37963
137897
55990
4811
9384
140633
55996
137718
56046
24490
24151
24138
58466
23911
152320
10212
59045
59019
38365
38283
23848
136958
44421
24489
9814
58461
24409
17623
150173
9809
63646
56041
55992
45079
24406
23650
139138
136173
134774
63648
59078
58850
58593
58536
56012
56006
55966
45110
45062
42962
17622
140726
138421
137735
136237
133219
9394
58834
58563
58542
56282
56013
55994
38375
38372
38057
24444
24427
23844
23771
212237
17962
17816
139721
138950
138538
134773
133119
9812
9308
63641
63629
63617
63561
59083
59074
59009
58811
58540
58519
56019
56015
55960
55468
4816
38358
38345
37965
24430
24424
24139
23853
18241
17964
17781
17775
17429
17428
141425
139888
139148
137801
137758
136198
136195
136180
135629
135432
135061
134542
131578
131574
131486
9939
9818
9811
9810
9807
9805
9389
9306
7653
7641
7609
63673
63634
63615
63582
63581
63580
63548
59073
59068
59067
59037
59029
59012
58866
58862
58541
58448
56011
56002
56000
55982
55958
55956
4835
4611
45086
45075
45071
45061
38834
38381
38380
38379
38340
38238
38027
37942
24149
24147
209306
209294
205651
199310
18239
18118
17969
17799
17739
17638
17430
152711
151313
151193
148981
146814
146812
140979
140895
140716
140292
139743
139203
139179
139178
139177
139154
139110
139099
138545
137806
137798
137787
137715
137702
137697
137691
134761
134760
134756
134420
134417
133952
133774
131519
10206
9803
9802
9516
9405
9392
7721
7640
63838
63835
63727
63722
63701
63695
63689
63603
59049
59043
59034
59016
58854
58852
58777
58772
58571
58543
58539
56047
56044
56005
56003
55973
55971
4859
4789
45113
45106
45101
45084
45083
38564
38378
38367
38255
37970
37937
24547
24369
24361
24348
24143
24141
23852
23851
23842
23839
212371
210041
209218
199436
18245
17897
17776
17633
152911
152186
152120
152092
151823
151640
151464
151397
150166
150145
149979
149837
149178
148969
147038
146966
146842
146822
146817
146787
146771
146758
146746
142608
141998
141771
141739
141679
141025
140903
140886
140717
140707
140647
140638
140636
140553
140527
140485
140345
140330
140317
140061
139887
139774
139767
139462
139220
139201
139183
139182
139172
139141
139140
139139
139136
139080
139061
139019
139018
139007
138991
138982
138570
138407
138371
138169
137794
137788
137785
137767
137764
137759
137699
137698
137695
137694
137693
137692
137690
137689
137539
137266
136959
136200
136199
136194
136192
136191
136190
136189
136188
136146
135883
135363
135089
134810
134772
134771
134770
134769
134768
134766
134765
134764
134763
134762
134543
134425
134419
134238
133776
133775
133475
133465
133194
133118
133111
132833
132525
132437
132225
132153
132147
131577
131562
131558
131536
131506
131497
131495
131325
131285
9806
9406
9401
64021
63719
63718
63708
63704
63697
63696
63690
63663
63655
63654
63647
63633
63621
63620
63614
63607
63593
63590
63583
63571
63565
63555
63540
63539
63538
59089
59084
59080
59077
59057
59048
59033
59027
59025
59011
58998
58851
58520
58518
58517
56042
55786
55461
55439
4813
45074
45064
45058
45057
38370
38364
38357
38341
38336
38272
38019
37936
24445
24426
24423
24422
24416
24376
24371
24370
24367
24364
24363
24362
24358
24357
24356
24355
24353
24352
24350
24349
24150
24137
24134
23841
216166
214934
214704
211051
208993
208830
205610
203236
199406
18257
18244
18242
17968
17490
17442
152920
151483
151311
151296
150374
149475
147008
146841
146838
146835
146810
146809
146806
146792
146782
146772
142611
142404
141776
141006
140873
140709
140329
140293
140278
140276
140265
140105
140083
139726
139587
139266
139189
139180
139137
139122
139118
139090
138949
138457
138393
138378
138369
138029
137882
137808
137804
137784
137782
137778
137751
137749
137747
137719
137710
137688
137687
137571
136766
136197
136160
135671
135054
135006
134767
134413
133846
133555
132553
132510
132019
131567
131565
131524
131522
131516
131482
131192
9425
7586
60666
59265
59022
58828
58336
56004
55962
55826
55641
50922
49904
49575
45576
45275
41979
39753
38587
38355
38323
24372
24368
24366
24365
24360
24359
24354
24351
24302
24239
24144
23910
216405
216373
216342
216305
216299
216173
216056
215969
215848
215832
215829
215786
215750
215507
215502
215007
214963
214948
214921
214911
214899
214871
214843
214775
214773
214759
214740
214702
214674
214660
214613
214610
214203
212793
212690
212532
212164
211992
211980
211843
211571
210934
210903
210714
209661
209645
209586
209574
209556
209484
209300
209261
209083
208872
208680
208679
208618
208266
207401
207338
206919
206843
206729
206315
205947
205923
205825
205794
205618
205532
205152
204185
203888
203804
203655
202256
200959
200936
200912
200895
200890
200853
200809
200789
200592
200558
200545
200536
200268
200256
200103
200078
200021
199932
199832
199392
199307
199304
198527
198516
198304
198266
197626
197433
153333
153332
153331
153330
153190
153189
153187
153186
153185
153172
153171
153170
153168
153057
153034
153033
152930
152922
152697
152631
152598
152191
152134
152118
151951
151841
151814
151785
151782
151674
151673
151494
151493
151490
151418
151416
151331
151202
151194
151187
150373
150323
150184
150141
149795
149510
149292
149163
146816
142642
142586
142554
142553
142551
142438
142418
142280
142164
142112
142048
141445
141429
140915
140913
140863
140862
140861
140860
140859
140858
140857
140856
140855
140854
140853
140852
140657
140656
140655
140654
140653
140652
140651
140650
140649
140648
140538
140537
140536
140535
140534
140533
140532
140531
140530
140529
140528
140522
140521
140520
140519
140518
140517
140516
140515
140514
140513
140512
140511
140510
140509
140508
140497
140496
140495
140494
140493
140492
140491
140490
140489
140488
140487
140486
140484
140483
140378
140377
140376
140375
140374
140373
140372
140371
140370
140369
140368
140367
140366
140365
140364
140363
140361
140360
140359
140358
140357
140356
140355
140354
140353
140352
140351
140350
140349
140348
140347
140346
140337
140336
140335
140334
140333
140332
140331
140328
140320
140319
140318
140316
140315
140314
140313
140312
140311
140310
140309
140308
140303
140302
140301
140300
140299
140298
140297
140296
140295
140294
140291
140290
140261
140260
140259
140258
140257
140256
140255
140254
140253
140252
140251
140250
140249
140248
140247
140246
140245
140238
140056
140053
140043
139859
139791
139589
139317
139249
139231
139216
139161
139112
139100
139073
138990
138979
138679
138641
138635
138597
138514
138513
138442
138441
138436
138409
138387
138381
138377
138376
138375
138374
138182
137835
137799
137726
137436
137402
137401
137256
136725
136591
136535
135120
134993
134775
134708
134488
134477
134169
133518
133517
133515
133513
133512
133492
132623
132536
132479
131526
131521
131137
131075
